1 0.608816 0.508786 0.005549 0.014377
1 0.525277 0.380192 0.009864 0.025559
1 0.524969 0.379393 0.009248 0.023962
1 0.608816 0.510383 0.004316 0.011182
1 0.525277 0.380192 0.009864 0.025559
1 0.608508 0.508786 0.004932 0.011182
1 0.525277 0.380192 0.009864 0.025559
1 0.608508 0.508786 0.004932 0.014377
4 0.525277 0.406550 0.007398 0.020767
4 0.524969 0.406550 0.006782 0.017572
4 0.525277 0.405751 0.007398 0.019169
4 0.525586 0.405751 0.008015 0.019169
3 0.503391 0.381789 0.009248 0.025559
3 0.514488 0.379393 0.008015 0.020767
3 0.503083 0.381789 0.008631 0.022364
3 0.514488 0.381789 0.006782 0.019169
3 0.514488 0.380192 0.008015 0.019169
3 0.503391 0.381789 0.009248 0.025559
3 0.503391 0.380990 0.009248 0.023962
3 0.514180 0.380192 0.007398 0.019169