1 0.402898 0.486422 0.004316 0.011182
1 0.443588 0.505591 0.004316 0.011182
1 0.402898 0.486422 0.004316 0.011182
1 0.444205 0.505591 0.004316 0.011182
1 0.402898 0.486422 0.004316 0.011182
1 0.443588 0.505591 0.004316 0.011182
5 0.443588 0.518371 0.004316 0.011182
5 0.444205 0.517572 0.004316 0.009585
5 0.443896 0.517572 0.004932 0.009585
4 0.396732 0.494409 0.005549 0.014377
4 0.396732 0.495208 0.005549 0.012780
4 0.396732 0.495208 0.005549 0.012780
0 0.260173 0.441693 0.007398 0.017572
0 0.260481 0.440895 0.006782 0.015974
0 0.259864 0.440895 0.006782 0.015974
6 0.259864 0.460064 0.006782 0.019169
6 0.260173 0.459265 0.007398 0.017572
6 0.259864 0.458466 0.006782 0.015974