1 0.502774 0.485623 0.009248 0.025559
1 0.501850 0.485623 0.008631 0.025559
1 0.502158 0.485623 0.009248 0.025559
1 0.502466 0.486422 0.008631 0.023962
5 0.643650 0.432109 0.045623 0.094249
5 0.644575 0.431310 0.046239 0.095847
5 0.644575 0.434505 0.047472 0.092652
5 0.643958 0.432907 0.043773 0.095847
4 0.602035 0.456070 0.035142 0.084665
4 0.601110 0.456869 0.034525 0.083067
4 0.602343 0.456869 0.035758 0.089457
4 0.600185 0.456070 0.032676 0.081470
0 0.399199 0.432907 0.009248 0.022364
0 0.398890 0.433706 0.008631 0.020767
0 0.398274 0.433706 0.008631 0.020767
0 0.399199 0.433706 0.008015 0.020767
6 0.398274 0.455272 0.008631 0.022364
6 0.397657 0.456869 0.008631 0.022364
6 0.398274 0.456869 0.008631 0.022364
6 0.397965 0.457668 0.008015 0.020767