1 0.668002 0.311502 0.008015 0.019169
1 0.470715 0.331470 0.003083 0.014377
1 0.471023 0.329872 0.003699 0.014377
1 0.668311 0.311502 0.007398 0.019169
4 0.604501 0.268371 0.006782 0.019169
4 0.609433 0.241214 0.006782 0.019169
4 0.605425 0.222843 0.007398 0.017572
4 0.601110 0.242013 0.007398 0.020767
4 0.470715 0.309904 0.003083 0.012780
4 0.471023 0.308307 0.003699 0.012780
4 0.604809 0.268371 0.007398 0.019169
4 0.609433 0.240415 0.006782 0.017572
4 0.600493 0.242812 0.007398 0.019169
4 0.605734 0.223642 0.006782 0.019169